seed = -29501819;
pop = 1750;
Inactive_Cycles = 100;
Active_Cycles = 500;
Total_CPU_Time = 3.87544E+03;
Total_Transport_Time = 1.29086E+02;
Time_Per_Integration = 5.01017E-09;
Clock_Time = 1.29121E+02;
keff_keff = [ 1.23464E+00,5.27892E-05];

