seed = -29501819;
pop = 1750;
Inactive_Cycles = 100;
Active_Cycles = 500;
Total_CPU_Time = 3.83105E+03;
Total_Transport_Time = 1.27605E+02;
Time_Per_Integration = 1.37814E-08;
Clock_Time = 1.27636E+02;
keff_keff = [ 1.23410E+00,5.18818E-05];

