seed = -29501819;
pop = 1750;
Inactive_Cycles = 300;
Active_Cycles = 600;
Total_CPU_Time = 9.14322E+03;
Total_Transport_Time = 2.28457E+02;
Time_Per_Integration = 1.26103E-07;
Clock_Time = 2.28554E+02;
keff_keff = [ 1.23785E+00,4.25554E-05];

