seed = -29501819;
pop = 1750;
Inactive_Cycles = 100;
Active_Cycles = 500;
Total_CPU_Time = 3.87260E+03;
Total_Transport_Time = 1.28990E+02;
Time_Per_Integration = 5.00643E-09;
Clock_Time = 1.29025E+02;
keff_keff = [ 1.23240E+00,5.35017E-05];

