seed = -29501819;
pop = 1750;
Inactive_Cycles = 100;
Active_Cycles = 500;
Total_CPU_Time = 3.99512E+03;
Total_Transport_Time = 1.33056E+02;
Time_Per_Integration = 2.75427E-08;
Clock_Time = 1.33112E+02;
keff_keff = [ 1.23441E+00,4.96715E-05];

