seed = -29501819;
pop = 1750;
Inactive_Cycles = 100;
Active_Cycles = 500;
Total_CPU_Time = 3.90478E+03;
Total_Transport_Time = 1.30067E+02;
Time_Per_Integration = 2.69240E-08;
Clock_Time = 1.30102E+02;
keff_keff = [ 1.23339E+00,5.20661E-05];

