seed = -29501819;
pop = 1750;
Inactive_Cycles = 100;
Active_Cycles = 500;
Total_CPU_Time = 2.26599E+03;
Total_Transport_Time = 1.13182E+02;
Time_Per_Integration = 1.22237E-08;
Clock_Time = 1.13208E+02;
keff_keff = [ 1.23275E+00,5.15466E-05];

